Sample	Population	P030		P014		SSR19		SSR25		SSR32	
SH1-1	SH1	258	-9	164	-9	254	-9	162	-9	264	-9
SH1-2	SH1	258	-9	164	-9	254	-9	154	162	264	-9
SH1-3	SH1	258	262	95	163	254	-9	154	162	264	-9
SH1-4	SH1	259	262	163	-9	255	261	154	162	267	-9
SH1-5	SH1	259	262	163	-9	252	255	164	-9	267	-9
SH1-6	SH1	259	262	163	-9	255	261	154	162	267	-9
SH1-7	SH1	259	262	163	-9	255	-9	162	-9	265	267
SH1-8	SH1	259	263	163	-9	233	255	154	-9	267	-9
SH1-9	SH1	259	262	163	168	246	255	149	-9	267	269
SH2-1	SH2	262	-9	95	164	254	254	154	-9	264	267
SH2-10	SH2	258	262	95	164	248	-9	154	162	264	-9
SH2-11	SH2	258	262	164	-9	254	254	155	162	264	-9
SH2-12	SH2	258	-9	163	-9	248	-9	162	-9	267	-9
SH2-13	SH2	258	-9	164	-9	248	257	154	162	264	-9
SH2-14	SH2	258	-9	163	-9	254	254	154	166	264	-9
SH2-15	SH2	257	-9	164	-9	245	257	162	-9	264	267
SH2-16	SH2	-9	-9	95	164	248	-9	154	162	264	267
SH2-2	SH2	258	262	164	-9	248	254	154	162	267	-9
SH2-3	SH2	258	262	164	-9	245	-9	133	136	264	267
SH2-4	SH2	262	-9	164	-9	248	-9	154	162	267	-9
SH2-5	SH2	258	-9	163	-9	248	-9	154	162	264	-9
SH2-6	SH2	258	262	95	164	254	-9	154	162	264	-9
SH2-7	SH2	262	-9	164	-9	245	254	154	162	264	-9
SH2-8	SH2	262	-9	164	166	245	-9	154	162	264	267
SH2-9	SH2	262	-9	-9	-9	254	254	154	156	267	-9
SH3-1	SH3	262	-9	164	-9	254	254	158	162	264	-9
SH3-10	SH3	262	-9	164	-9	254	254	154	162	267	-9
SH3-11	SH3	258	262	164	-9	245	254	160	162	264	-9
SH3-12	SH3	258	-9	163	-9	248	254	162	-9	264	267
SH3-13	SH3	258	-9	164	-9	248	-9	160	162	264	-9
SH3-14	SH3	258	262	163	-9	254	-9	154	162	264	-9
SH3-15	SH3	-9	-9	164	-9	254	-9	162	-9	261	269
SH3-16	SH3	258	-9	164	-9	254	254	162	-9	264	267
SH3-17	SH3	262	-9	164	-9	248	-9	162	-9	264	269
SH3-18	SH3	262	-9	164	-9	254	-9	154	160	267	-9
SH3-19	SH3	258	262	164	-9	254	-9	162	-9	264	-9
SH3-2	SH3	262	-9	164	-9	248	254	162	-9	267	-9
SH3-20	SH3	258	-9	163	-9	254	254	162	-9	269	280
SH3-3	SH3	258	-9	164	-9	245	-9	162	-9	264	-9
SH3-4	SH3	258	-9	163	-9	248	-9	162	-9	267	-9
SH3-5	SH3	258	-9	164	-9	254	257	154	160	264	-9
SH3-6	SH3	262	-9	163	-9	248	-9	156	162	264	-9
SH3-7	SH3	258	-9	164	-9	254	-9	162	-9	261	264
SH3-8	SH3	258	-9	164	-9	254	254	154	160	264	-9
SH3-9	SH3	262	-9	164	-9	248	-9	162	-9	264	269
SH4-1	SH4	-9	-9	164	-9	245	248	154	162	264	267
SH4-10	SH4	258	-9	163	-9	254	257	160	162	264	267
SH4-11	SH4	258	-9	163	-9	245	254	158	162	264	-9
SH4-12	SH4	262	-9	164	-9	245	-9	162	-9	264	-9
SH4-13	SH4	258	-9	164	-9	254	254	162	-9	264	-9
SH4-14	SH4	262	-9	164	-9	248	-9	-9	-9	267	-9
SH4-15	SH4	248	258	164	-9	254	254	160	162	264	-9
SH4-16	SH4	258	-9	164	-9	248	254	158	162	267	-9
SH4-17	SH4	262	-9	164	-9	248	257	162	-9	264	-9
SH4-18	SH4	262	-9	163	-9	254	-9	-9	-9	264	267
SH4-19	SH4	262	-9	164	-9	254	254	162	163	264	269
SH4-2	SH4	258	-9	163	-9	245	-9	154	160	264	267
SH4-20	SH4	262	-9	95	163	245	-9	160	162	264	267
SH4-3	SH4	258	-9	164	-9	254	254	154	162	264	-9
SH4-4	SH4	262	-9	164	-9	245	-9	162	-9	264	-9
SH4-5	SH4	262	-9	164	-9	254	-9	162	-9	264	-9
SH4-6	SH4	262	-9	164	-9	254	-9	154	162	267	-9
SH4-7	SH4	-9	-9	163	-9	254	254	160	162	264	-9
SH4-8	SH4	258	-9	164	-9	248	-9	160	162	261	267
SH4-9	SH4	262	-9	95	164	254	-9	160	162	264	-9
SH5-1	SH5	258	262	164	-9	254	254	154	-9	264	-9
SH5-10	SH5	258	262	164	-9	248	254	154	162	267	-9
SH5-11	SH5	258	262	164	-9	245	254	154	-9	264	-9
SH5-12	SH5	258	-9	95	164	248	257	162	-9	-9	-9
SH5-13	SH5	257	-9	164	-9	254	-9	162	-9	264	-9
SH5-14	SH5	257	262	161	-9	254	-9	154	162	264	-9
SH5-15	SH5	258	262	164	-9	254	254	154	162	264	-9
SH5-16	SH5	258	262	164	-9	248	-9	162	-9	264	267
SH5-2	SH5	262	-9	164	-9	248	-9	154	-9	267	-9
SH5-3	SH5	258	262	164	-9	254	-9	154	-9	267	-9
SH5-4	SH5	258	262	164	-9	254	257	154	-9	265	267
SH5-5	SH5	258	262	-9	-9	254	-9	154	160	267	269
SH5-6	SH5	262	-9	161	-9	254	-9	162	-9	264	267
SH5-7	SH5	262	-9	164	-9	254	257	154	162	264	-9
SH5-8	SH5	258	-9	95	163	254	-9	154	-9	264	-9
SH5-9	SH5	258	262	164	-9	254	254	154	-9	264	-9
SH6-1	SH6	262	-9	95	164	254	-9	160	-9	267	-9
SH6-10	SH6	262	-9	164	-9	248	-9	154	160	267	-9
SH6-11	SH6	265	-9	254	-9	254	254	162	-9	164	-9
SH6-12	SH6	164	-9	254	-9	248	-9	154	160	136	-9
SH6-13	SH6	164	-9	267	-9	263	-9	-9	-9	140	142
SH6-14	SH6	136	-9	164	-9	263	-9	154	160	162	-9
SH6-15	SH6	162	-9	164	-9	164	-9	136	142	248	254
SH6-16	SH6	162	-9	136	-9	138	-9	162	-9	248	254
SH6-17	SH6	254	-9	136	142	136	-9	154	162	263	267
SH6-18	SH6	263	269	154	162	-9	254	154	162	263	267
SH6-2	SH6	258	262	164	-9	248	-9	154	160	267	-9
SH6-3	SH6	258	262	95	163	-9	254	154	158	264	-9
SH6-4	SH6	258	262	95	164	248	254	154	162	267	-9
SH6-5	SH6	-9	-9	95	164	248	-9	160	162	264	-9
SH6-6	SH6	257	262	159	163	254	257	154	162	267	269
SH6-7	SH6	258	-9	-9	-9	245	-9	162	-9	264	-9
SH6-8	SH6	-9	-9	164	-9	254	254	158	162	264	-9
SH6-9	SH6	258	262	164	-9	248	256	154	160	264	-9
SH7-1	SH7	267	-9	248	254	248	-9	154	158	164	-9
SH7-10	SH7	164	-9	254	-9	248	263	154	160	136	-9
SH7-11	SH7	164	-9	-9	-9	261	267	154	160	136	-9
SH7-12	SH7	136	-9	163	-9	263	-9	154	160	156	162
SH7-2	SH7	164	-9	254	-9	254	-9	154	162	136	-9
SH7-3	SH7	164	-9	263	265	263	-9	154	162	136	142
SH7-4	SH7	136	-9	164	-9	267	-9	154	162	156	162
SH7-5	SH7	150	154	164	-9	164	-9	154	162	254	-9
SH7-6	SH7	154	-9	136	-9	136	-9	154	162	248	254
SH7-7	SH7	254	-9	150	-9	136	166	154	160	265	267
SH7-8	SH7	263	269	154	166	162	-9	154	162	164	-9
SH7-9	SH7	263	267	254	-9	254	254	154	160	164	-9
SM1-1	SM1	259	263	163	-9	252	255	162	-9	267	-9
SM1-2	SM1	262	-9	163	-9	246	252	156	162	267	-9
SM1-3	SM1	259	262	163	-9	252	255	156	166	267	-9
SM1-4	SM1	259	262	163	-9	255	-9	160	162	267	275
SM1-5	SM1	259	262	164	-9	255	-9	149	162	264	267
SM1-6	SM1	259	263	163	-9	255	-9	162	165	267	-9
SM1-7	SM1	259	263	163	-9	255	-9	149	162	267	-9
SM1-8	SM1	-9	-9	-9	-9	246	255	149	162	-9	-9
SM1-9	SM1	259	263	163	-9	255	-9	165	-9	267	-9
SM1-10	SM1	259	262	163	-9	252	255	156	162	267	-9
SM2-1	SM2	259	262	163	-9	255	-9	154	162	267	269
SM2-2	SM2	259	262	164	-9	255	-9	149	156	267	-9
SM2-3	SM2	259	262	163	-9	255	-9	149	162	264	267
SM2-4	SM2	260	262	163	-9	246	255	162	-9	267	269
SM2-5	SM2	259	262	-9	-9	246	-9	149	156	267	-9
SM2-6	SM2	259	262	163	-9	255	-9	254	-9	267	-9
SM2-7	SM2	259	263	163	-9	252	255	154	162	267	275
SM2-8	SM2	259	262	163	-9	252	-9	154	162	267	-9
SM3-1	SM3	259	262	163	-9	255	-9	149	162	267	-9
SM3-10	SM3	259	262	163	-9	246	255	154	162	267	-9
SM3-11	SM3	259	262	164	-9	255	-9	156	162	264	267
SM3-12	SM3	259	263	163	-9	246	255	149	162	267	-9
SM3-13	SM3	259	-9	163	-9	246	255	149	162	267	269
SM3-2	SM3	262	-9	163	166	246	255	149	166	267	-9
SM3-3	SM3	259	262	164	-9	255	-9	149	162	264	267
SM3-4	SM3	259	262	163	-9	246	255	156	166	267	-9
SM3-5	SM3	259	262	163	-9	255	-9	156	-9	267	-9
SM3-6	SM3	259	262	163	-9	255	261	156	162	267	-9
SM3-7	SM3	259	262	163	-9	246	255	156	162	267	-9
SM3-8	SM3	259	263	163	168	252	255	162	-9	267	-9
SM3-9	SM3	259	262	163	-9	255	-9	149	165	267	-9
SM4-1	SM4	259	262	163	-9	246	255	158	162	267	269
SM4-10	SM4	259	262	163	-9	255	-9	149	162	267	-9
SM4-11	SM4	259	262	163	-9	255	-9	149	162	267	269
SM4-12	SM4	259	262	163	-9	252	255	162	-9	267	275
SM4-13	SM4	262	-9	163	-9	255	-9	263	-9	267	275
SM4-14	SM4	259	262	163	-9	255	-9	149	-9	267	-9
SM4-15	SM4	260	262	163	-9	255	-9	149	-9	267	-9
SM4-2	SM4	259	-9	163	-9	246	255	162	-9	267	-9
SM4-3	SM4	259	263	163	-9	255	-9	149	154	267	269
SM4-4	SM4	259	262	163	-9	246	252	158	162	267	-9
SM4-5	SM4	259	262	163	-9	255	-9	162	-9	267	275
SM4-6	SM4	262	-9	164	-9	249	255	154	162	264	267
SM4-7	SM4	259	263	163	-9	246	255	154	162	267	269
SM4-8	SM4	259	262	163	-9	246	255	149	156	265	267
SM4-9	SM4	259	262	163	-9	255	-9	149	162	267	-9
SM6-1	SM6	-9	-9	163	-9	-9	-9	136	-9	267	-9
SM6-10	SM6	259	262	163	-9	255	-9	149	162	267	-9
SM6-11	SM6	259	262	163	168	255	-9	149	-9	267	-9
SM6-12	SM6	259	262	163	-9	255	-9	162	-9	267	275
SM6-13	SM6	259	262	163	-9	255	261	162	-9	267	-9
SM6-2	SM6	259	262	163	-9	249	255	162	166	267	-9
SM6-3	SM6	259	262	163	-9	255	-9	136	-9	267	269
SM6-4	SM6	-9	-9	163	-9	246	252	154	162	267	-9
SM6-5	SM6	259	262	163	-9	252	255	156	162	267	-9
SM6-6	SM6	259	262	163	-9	255	261	162	166	267	-9
SM6-7	SM6	259	262	163	-9	255	-9	165	-9	267	-9
SM6-8	SM6	247	259	-9	-9	255	-9	162	-9	267	-9
SM6-9	SM6	259	262	163	-9	255	-9	156	162	267	-9
SM7-1	SM7	259	262	163	-9	-9	-9	160	162	267	-9
SM7-2	SM7	-9	-9	163	-9	255	-9	248	254	267	-9
SM7-3	SM7	259	263	163	-9	255	255	162	166	267	-9
SM7-4	SM7	259	262	163	-9	246	-9	263	269	267	-9
SM7-5	SM7	259	262	163	-9	255	258	149	166	267	-9
SM7-6	SM7	259	262	163	-9	255	-9	149	162	267	269
SM8-1	SM8	259	263	163	-9	255	261	154	166	267	-9
SM8-10	SM8	259	262	164	-9	246	-9	164	-9	267	-9
SM8-2	SM8	259	262	164	-9	246	-9	149	154	267	-9
SM8-3	SM8	259	262	163	-9	255	255	162	166	267	-9
SM8-4	SM8	259	262	163	-9	252	-9	263	-9	267	-9
SM8-5	SM8	259	263	163	-9	255	255	156	165	267	-9
SM8-6	SM8	259	262	163	-9	246	255	162	165	269	-9
SM8-7	SM8	259	262	163	-9	249	-9	156	162	267	-9
SM8-8	SM8	259	262	163	-9	255	-9	162	-9	267	269
SM8-9	SM8	-9	-9	163	-9	255	255	162	-9	267	269
SM9-1	SM9	259	262	163	-9	255	255	156	162	267	-9
SM9-10	SM9	262	-9	163	-9	255	-9	154	162	264	267
SM9-11	SM9	259	262	164	-9	255	255	162	-9	267	269
SM9-12	SM9	259	262	163	-9	246	-9	162	165	267	-9
SM9-13	SM9	259	262	163	-9	255	255	162	166	267	269
SM9-14	SM9	259	262	163	-9	246	254	162	-9	267	-9
SM9-15	SM9	258	262	163	-9	245	-9	162	165	267	-9
SM9-2	SM9	259	262	163	-9	252	-9	162	-9	267	-9
SM9-3	SM9	259	262	163	-9	255	255	162	-9	267	-9
SM9-4	SM9	259	262	163	-9	246	-9	162	-9	267	-9
SM9-5	SM9	259	262	163	-9	255	-9	162	-9	267	-9
SM9-6	SM9	259	263	163	-9	255	-9	154	162	267	-9
SM9-7	SM9	259	262	163	-9	255	-9	149	162	267	-9
SM9-8	SM9	259	262	163	-9	-9	255	162	-9	267	269
SM9-9	SM9	259	262	163	-9	249	-9	162	-9	267	-9
SM10-1	SM10	258	262	164	-9	254	254	162	165	267	-9
SM10-2	SM10	258	-9	-9	-9	248	257	162	-9	264	-9
SM10-3	SM10	258	262	164	-9	254	248	165	-9	264	-9
SM10-4	SM10	258	-9	164	-9	245	-9	154	162	264	-9
SM10-5	SM10	257	262	95	163	254	-9	162	165	264	269
SM10-6	SM10	258	262	159	167	254	-9	162	165	267	-9
SM10-7	SM10	-9	-9	-9	-9	254	254	162	-9	-9	-9
SM10-8	SM10	258	262	164	-9	245	-9	162	165	267	-9
SM10-9	SM10	262	-9	164	-9	248	254	162	165	264	267
SM10-10	SM10	258	-9	163	-9	248	-9	162	-9	-9	-9
